49.28649
37.44997
48.36068
13.98733
2.26314
35.05649
26.62836
41.87881
2.00089
9.00678
48.39348
17.27951
26.0365
33.09617
28.29783
35.70833
43.59655
31.20232
31.18893
32.06586
12.02559
46.79293
19.55364
29.43055
40.85573
23.72521
2.26425
27.00571
15.43084
19.67583
8.69854
29.04119
23.53532
10.09649
25.90499
39.69497
45.82227
32.45504
28.45305
21.78098
1.83313
8.68579
16.77372
3.31806
8.36486
16.25477
17.45556
10.6923
15.35192
12.25644
34.0936
15.20087
24.81647
44.5452
1.91649
27.77242
16.91785
6.55737
35.51434
38.75435
32.52569
34.9787
34.54133
6.02254
46.75745
37.27229
29.93508
23.45319
4.6654
22.52273
25.63432
45.08245
34.80659
33.21167
34.98353
5.34175
38.62395
18.72392
30.88916
29.73678
47.08687
28.3145
5.6955
6.60486
38.91451
48.84996
9.23646
26.27567
7.56218
31.27841
19.08814
34.61511
38.24422
33.86792
25.34834
25.89188
28.15323
19.67809
34.03567
35.80612
